98
2 struct void	1	0	0	0	1
2 struct void	9	0	1	0	1
1 void	3	1	0	0	1
1 main	4	1	0	0	1
1 (	5	1	0	0	1
1 )	6	1	0	0	1
1 {	7	1	0	0	1
5 int float indS ind }	38	0	1	0	1
1 }	-1	1	0	0	1
1 struct 11	0	0	0	0
1 void	-1	0	0	1	1
1 struct	12	1	0	0	1
1 indS	13	1	0	0	1
1 {	14	1	0	0	1
4 int float indS }	18	0	1	0	1
1 }	16	1	0	0	1
1 ;	17	1	0	0	1
2 struct void	9	0	0	0	1
3 int float indS	20	0	0	0	0
1 }	15	0	0	1	1
3 int float indS	25	0	1	0	1
1 ind 	22	1	0	0	1
2 , ;	31	0	1	0	1
1 ;	24	1	0	0	1
4 int float indS }	18	0	0	0	1
1 int	28	0	0	0	0
1 float	29	0	0	0	0
1 indS	30	0	0	0	1
1 int	-1	1	0	1	1
1 float	-1	1	0	1	1
1 indS	-1	1	0	1	1
1 ,	33	0	0	0	0
1 ;	-1	0	0	1	1
1 ,	34	1	0	0	1
1 ind	21	0	0	0	1
1 ;	-1	0	0	1	1
1 }	-1	0	0	1	1
1 void	-1	0	0	1	1
3 int float indS	41	0	0	0	0
1 ind	45	0	0	0	0
1 }	-1	0	0	1	1
3 int float indS	25	0	1	0	1
1 ind	49	0	1	0	1
1 ;	44	1	0	0	1
5 int float indS ind }	38	0	0	0	1
1 ind	49	0	1	0	1
1 ;	47	1	0	0	1
5 int float indS ind }	38	0	0	0	1
1 }	-1	0	0	1	1
1 ind	50	1	0	0	1
3 = , ;	71	0	1	0	1
2 , ;	52	0	0	0	1
1 ,	54	0	0	0	0
1 ;	-1	0	0	1	1
1 ,	55	1	0	0	1
1 ind	49	0	0	0	1
1 ;	-1	1	0	1	1
1 +	64	0	0	0	0
1 -	65	0	0	0	0
1 *	66	0	0	0	0
1 !=	67	0	0	0	0
1 ==	68	0	0	0	0
1 <	69	0	0	0	0
1 >	70	0	0	0	1
1 +	-1	1	0	1	1
1 -	-1	1	0	1	1
1 *	-1	1	0	1	1
1 !=	-1	1	0	1	1
1 ==	-1	1	0	1	1
1 <	-1	1	0	1	1
1 >	-1	1	0	1	1
1 =	73	0	0	0	0
2 , ;	-1	0	0	1	1
1 =	74	1	0	0	1
3 ind const (	75	0	0	0	1
1 ind	78	0	0	0	0
1 const	89	0	0	0	0
1 (	90	0	0	0	0
1 ind	79	1	0	0	1
10 = , ; + - * != == < >	81	0	0	0	1
10 + - * != == < > ; , )	93	0	0	0	1
9 + - * != == < > ; ,	93	0	0	0	0
1 = 	83	0	0	0	1
1 = 	73	0	0	0	1
2 , ;	-1	0	0	1	1
1 ind	88	0	0	0	0
1 const	89	0	0	0	0
1 (	90	0	0	0	1
1 ind	80	1	0	0	1
1 const	80	1	0	0	1
1 (	91	1	0	0	1
3 ind const (	85	0	1	0	1
1 )	80	1	0	0	1
7 + - * != == < >	96	0	0	0	0
3 ; , ) -1 	0 	0 	1 	1
3 ; , )	-1	0	0	1	1
7 + - * != == < >	57	0	1	0	1
3 ind const (	85	0	0	0	1
2 ; ,	-1	0	0	1	1
